MEME version 5.0.2

ALPHABET= ACGT

strands: +

Background letter frequencies (from unknown source):
A 0.442 C 0.052 G 0.025 T 0.482

MOTIF 1

log-odds matrix: alength= 4 w= 57 E= 4.6e-1065
    62  -1320    -22    -69
    41    -28    -22    -46
   -85    -70  -1320     59
   -25     52  -1320     20
   -98    142    -22     36
  -121    -28  -1320     67
  -167   -128  -1320     80
  -337   -228  -1320     97
  -237   -128  -1320     89
  -305   -128  -1320     94
  -305    -28  -1320     91
  -121    162   -122     41
  -105     72    -22     50
  -305  -1320    278     69
  -437     30  -1320     93
  -257    285  -1320     20
   102  -1320  -1320   -218
    85     52  -1320   -192
   -21   -128  -1320     31
  -437     52  -1320     91
    71  -1320  -1320    -80
  -537   -228   -122    101
   110  -1320   -122   -350
    58  -1320    364   -391
  -337  -1320    521   -350
   108   -228  -1320   -318
  -437    418   -122   -391
  -337    230  -1320     54
    75    230  -1320  -1320
  -138  -1320  -1320     78
  -147  -1320  -1320     80
    24  -1320   -122     -4
  -537  -1320    521   -269
 -1320   -128    525   -391
  -437    262   -122     43
  -221    293  -1320      8
  -437   -228  -1320    101
   118  -1320  -1320  -1320
  -437  -1320  -1320    102
   115  -1320  -1320   -450
    81  -1320    317  -1320
    93  -1320    -22   -180
  -379   -228  -1320     99
    77   -228   -122   -111
    67    197   -122   -250
   -92    130    -22     36
    35   -228   -122    -22
  -138    247  -1320     17
   -21    297  -1320   -118
   -29    345   -122   -292
  -237    367  -1320    -92
   -92    360    195   -350
  -147    252  -1320     17
   -25    -28  -1320     28
   -33  -1320    110     31
  -305  -1320  -1320     97
  -305  -1320  -1320     97


letter-probability matrix: alength= 4 w= 57 nsites= 94 E= 4.6e-1065
0.680851 0.000000 0.021277 0.297872
0.585106 0.042553 0.021277 0.351064
0.244681 0.031915 0.000000 0.723404
0.372340 0.074468 0.000000 0.553191
0.223404 0.138298 0.021277 0.617021
0.191489 0.042553 0.000000 0.765957
0.138298 0.021277 0.000000 0.840426
0.042553 0.010638 0.000000 0.946809
0.085106 0.021277 0.000000 0.893617
0.053191 0.021277 0.000000 0.925532
0.053191 0.042553 0.000000 0.904255
0.191489 0.159574 0.010638 0.638298
0.212766 0.085106 0.021277 0.680851
0.053191 0.000000 0.170213 0.776596
0.021277 0.063830 0.000000 0.914894
0.074468 0.372340 0.000000 0.553191
0.893617 0.000000 0.000000 0.106383
0.797872 0.074468 0.000000 0.127660
0.382979 0.021277 0.000000 0.595745
0.021277 0.074468 0.000000 0.904255
0.723404 0.000000 0.000000 0.276596
0.010638 0.010638 0.010638 0.968085
0.946809 0.000000 0.010638 0.042553
0.659574 0.000000 0.308511 0.031915
0.042553 0.000000 0.914894 0.042553
0.936170 0.010638 0.000000 0.053191
0.021277 0.936170 0.010638 0.031915
0.042553 0.255319 0.000000 0.702128
0.744681 0.255319 0.000000 0.000000
0.170213 0.000000 0.000000 0.829787
0.159574 0.000000 0.000000 0.840426
0.521277 0.000000 0.010638 0.468085
0.010638 0.000000 0.914894 0.074468
0.000000 0.021277 0.946809 0.031915
0.021277 0.319149 0.010638 0.648936
0.095745 0.393617 0.000000 0.510638
0.021277 0.010638 0.000000 0.968085
1.000000 0.000000 0.000000 0.000000
0.021277 0.000000 0.000000 0.978723
0.978723 0.000000 0.000000 0.021277
0.776596 0.000000 0.223404 0.000000
0.840426 0.000000 0.021277 0.138298
0.031915 0.010638 0.000000 0.957447
0.755319 0.010638 0.010638 0.223404
0.702128 0.202128 0.010638 0.085106
0.234043 0.127660 0.021277 0.617021
0.563830 0.010638 0.010638 0.414894
0.170213 0.287234 0.000000 0.542553
0.382979 0.404255 0.000000 0.212766
0.361702 0.563830 0.010638 0.063830
0.085106 0.659574 0.000000 0.255319
0.234043 0.627660 0.095745 0.042553
0.159574 0.297872 0.000000 0.542553
0.372340 0.042553 0.000000 0.585106
0.351064 0.000000 0.053191 0.595745
0.053191 0.000000 0.000000 0.946809
0.053191 0.000000 0.000000 0.946809

MEME version 5.0.2

ALPHABET= ACGT

strands: +

Background letter frequencies (from unknown source):
A 0.442 C 0.052 G 0.025 T 0.482

MOTIF 10

log-odds matrix: alength= 4 w= 57 E= 7.5e-131
   118  -1055  -1055  -1055
   118  -1055  -1055  -1055
   -14  -1055  -1055     32
     8  -1055  -1055     15
    73  -1055  -1055    -85
  -114  -1055  -1055     73
 -1055  -1055  -1055    105
 -1055  -1055  -1055    105
    86  -1055  -1055   -127
  -272  -1055  -1055     95
   -41  -1055  -1055     47
     8  -1055    423   -285
    86  -1055    301  -1055
  -173  -1055  -1055     85
 -1055    136  -1055     85
   118  -1055  -1055  -1055
   118  -1055  -1055  -1055
 -1055  -1055  -1055    105
   118  -1055  -1055  -1055
   118  -1055  -1055  -1055
 -1055  -1055  -1055    105
   118  -1055  -1055  -1055
 -1055  -1055  -1055    105
 -1055  -1055  -1055    105
 -1055  -1055  -1055    105
   118  -1055  -1055  -1055
 -1055  -1055    533  -1055
 -1055  -1055  -1055    105
   108  -1055  -1055   -285
  -114  -1055    489   -285
    97  -1055    243  -1055
 -1055    427  -1055  -1055
 -1055    395  -1055   -127
 -1055    417  -1055   -285
 -1055    136  -1055     85
    44    136  -1055    -85
  -272     36  -1055     85
  -114  -1055    143     61
   -41    336    143   -285
  -272    136  -1055     73
 -1055     36  -1055     95
 -1055  -1055  -1055    105
 -1055  -1055  -1055    105
 -1055  -1055  -1055    105
 -1055  -1055  -1055    105
 -1055  -1055  -1055    105
 -1055  -1055  -1055    105
 -1055  -1055  -1055    105
 -1055  -1055  -1055    105
 -1055  -1055  -1055    105
 -1055  -1055  -1055    105
 -1055  -1055  -1055    105
 -1055  -1055  -1055    105
 -1055  -1055  -1055    105
  -173  -1055  -1055     85
  -173  -1055  -1055     85
  -114  -1055  -1055     73


letter-probability matrix: alength= 4 w= 57 nsites= 15 E= 7.5e-131
1.000000 0.000000 0.000000 0.000000
1.000000 0.000000 0.000000 0.000000
0.400000 0.000000 0.000000 0.600000
0.466667 0.000000 0.000000 0.533333
0.733333 0.000000 0.000000 0.266667
0.200000 0.000000 0.000000 0.800000
0.000000 0.000000 0.000000 1.000000
0.000000 0.000000 0.000000 1.000000
0.800000 0.000000 0.000000 0.200000
0.066667 0.000000 0.000000 0.933333
0.333333 0.000000 0.000000 0.666667
0.466667 0.000000 0.466667 0.066667
0.800000 0.000000 0.200000 0.000000
0.133333 0.000000 0.000000 0.866667
0.000000 0.133333 0.000000 0.866667
1.000000 0.000000 0.000000 0.000000
1.000000 0.000000 0.000000 0.000000
0.000000 0.000000 0.000000 1.000000
1.000000 0.000000 0.000000 0.000000
1.000000 0.000000 0.000000 0.000000
0.000000 0.000000 0.000000 1.000000
1.000000 0.000000 0.000000 0.000000
0.000000 0.000000 0.000000 1.000000
0.000000 0.000000 0.000000 1.000000
0.000000 0.000000 0.000000 1.000000
1.000000 0.000000 0.000000 0.000000
0.000000 0.000000 1.000000 0.000000
0.000000 0.000000 0.000000 1.000000
0.933333 0.000000 0.000000 0.066667
0.200000 0.000000 0.733333 0.066667
0.866667 0.000000 0.133333 0.000000
0.000000 1.000000 0.000000 0.000000
0.000000 0.800000 0.000000 0.200000
0.000000 0.933333 0.000000 0.066667
0.000000 0.133333 0.000000 0.866667
0.600000 0.133333 0.000000 0.266667
0.066667 0.066667 0.000000 0.866667
0.200000 0.000000 0.066667 0.733333
0.333333 0.533333 0.066667 0.066667
0.066667 0.133333 0.000000 0.800000
0.000000 0.066667 0.000000 0.933333
0.000000 0.000000 0.000000 1.000000
0.000000 0.000000 0.000000 1.000000
0.000000 0.000000 0.000000 1.000000
0.000000 0.000000 0.000000 1.000000
0.000000 0.000000 0.000000 1.000000
0.000000 0.000000 0.000000 1.000000
0.000000 0.000000 0.000000 1.000000
0.000000 0.000000 0.000000 1.000000
0.000000 0.000000 0.000000 1.000000
0.000000 0.000000 0.000000 1.000000
0.000000 0.000000 0.000000 1.000000
0.000000 0.000000 0.000000 1.000000
0.000000 0.000000 0.000000 1.000000
0.133333 0.000000 0.000000 0.866667
0.133333 0.000000 0.000000 0.866667
0.200000 0.000000 0.000000 0.800000

MEME version 5.0.2

ALPHABET= ACGT

strands: +

Background letter frequencies (from unknown source):
A 0.442 C 0.052 G 0.025 T 0.482

MOTIF 23

log-odds matrix: alength= 4 w= 79 E= 5.1e-002
  -897    353   -897    -27
   118   -897   -897   -897
  -897   -897   -897    105
  -114   -897   -897     73
   118   -897   -897   -897
   118   -897   -897   -897
    86   -897   -897   -126
  -897   -897   -897    105
   118   -897   -897   -897
   118   -897   -897   -897
  -897   -897   -897    105
  -114   -897   -897     73
   118   -897   -897   -897
  -897   -897   -897    105
   118   -897   -897   -897
   118   -897   -897   -897
    86   -897    301   -897
  -897   -897   -897    105
  -897   -897   -897    105
   118   -897   -897   -897
   118   -897   -897   -897
   118   -897   -897   -897
  -897   -897   -897    105
  -897   -897   -897    105
  -897    195   -897     73
    86   -897   -897   -126
   118   -897   -897   -897
   118   -897   -897   -897
    86   -897   -897   -126
  -897   -897   -897    105
  -897   -897    301     73
  -114   -897   -897     73
    86   -897   -897   -126
    86   -897   -897   -126
  -897   -897   -897    105
   118   -897   -897   -897
   118   -897   -897   -897
    86   -897   -897   -126
   118   -897   -897   -897
   118   -897   -897   -897
   118   -897   -897   -897
  -897   -897   -897    105
    86   -897   -897   -126
   118   -897   -897   -897
   118   -897   -897   -897
   118   -897   -897   -897
  -897   -897   -897    105
  -897   -897   -897    105
   118   -897   -897   -897
  -114   -897   -897     73
  -114   -897   -897     73
  -114   -897   -897     73
  -114   -897   -897     73
   118   -897   -897   -897
   118   -897   -897   -897
  -114   -897   -897     73
    86   -897   -897   -126
    86   -897   -897   -126
   118   -897   -897   -897
   118   -897   -897   -897
   118   -897   -897   -897
  -897   -897   -897    105
   118   -897   -897   -897
  -114   -897   -897     73
    86   -897   -897   -126
  -897   -897   -897    105
   118   -897   -897   -897
    86   -897   -897   -126
    44   -897    301   -126
  -114    395   -897   -897
  -897    195   -897     73
   118   -897   -897   -897
  -897   -897   -897    105
  -897   -897   -897    105
  -897   -897   -897    105
  -897   -897   -897    105
   118   -897   -897   -897
   118   -897   -897   -897
  -897   -897   -897    105


letter-probability matrix: alength= 4 w= 79 nsites= 5 E= 5.1e-002
0.000000 0.600000 0.000000 0.400000
1.000000 0.000000 0.000000 0.000000
0.000000 0.000000 0.000000 1.000000
0.200000 0.000000 0.000000 0.800000
1.000000 0.000000 0.000000 0.000000
1.000000 0.000000 0.000000 0.000000
0.800000 0.000000 0.000000 0.200000
0.000000 0.000000 0.000000 1.000000
1.000000 0.000000 0.000000 0.000000
1.000000 0.000000 0.000000 0.000000
0.000000 0.000000 0.000000 1.000000
0.200000 0.000000 0.000000 0.800000
1.000000 0.000000 0.000000 0.000000
0.000000 0.000000 0.000000 1.000000
1.000000 0.000000 0.000000 0.000000
1.000000 0.000000 0.000000 0.000000
0.800000 0.000000 0.200000 0.000000
0.000000 0.000000 0.000000 1.000000
0.000000 0.000000 0.000000 1.000000
1.000000 0.000000 0.000000 0.000000
1.000000 0.000000 0.000000 0.000000
1.000000 0.000000 0.000000 0.000000
0.000000 0.000000 0.000000 1.000000
0.000000 0.000000 0.000000 1.000000
0.000000 0.200000 0.000000 0.800000
0.800000 0.000000 0.000000 0.200000
1.000000 0.000000 0.000000 0.000000
1.000000 0.000000 0.000000 0.000000
0.800000 0.000000 0.000000 0.200000
0.000000 0.000000 0.000000 1.000000
0.000000 0.000000 0.200000 0.800000
0.200000 0.000000 0.000000 0.800000
0.800000 0.000000 0.000000 0.200000
0.800000 0.000000 0.000000 0.200000
0.000000 0.000000 0.000000 1.000000
1.000000 0.000000 0.000000 0.000000
1.000000 0.000000 0.000000 0.000000
0.800000 0.000000 0.000000 0.200000
1.000000 0.000000 0.000000 0.000000
1.000000 0.000000 0.000000 0.000000
1.000000 0.000000 0.000000 0.000000
0.000000 0.000000 0.000000 1.000000
0.800000 0.000000 0.000000 0.200000
1.000000 0.000000 0.000000 0.000000
1.000000 0.000000 0.000000 0.000000
1.000000 0.000000 0.000000 0.000000
0.000000 0.000000 0.000000 1.000000
0.000000 0.000000 0.000000 1.000000
1.000000 0.000000 0.000000 0.000000
0.200000 0.000000 0.000000 0.800000
0.200000 0.000000 0.000000 0.800000
0.200000 0.000000 0.000000 0.800000
0.200000 0.000000 0.000000 0.800000
1.000000 0.000000 0.000000 0.000000
1.000000 0.000000 0.000000 0.000000
0.200000 0.000000 0.000000 0.800000
0.800000 0.000000 0.000000 0.200000
0.800000 0.000000 0.000000 0.200000
1.000000 0.000000 0.000000 0.000000
1.000000 0.000000 0.000000 0.000000
1.000000 0.000000 0.000000 0.000000
0.000000 0.000000 0.000000 1.000000
1.000000 0.000000 0.000000 0.000000
0.200000 0.000000 0.000000 0.800000
0.800000 0.000000 0.000000 0.200000
0.000000 0.000000 0.000000 1.000000
1.000000 0.000000 0.000000 0.000000
0.800000 0.000000 0.000000 0.200000
0.600000 0.000000 0.200000 0.200000
0.200000 0.800000 0.000000 0.000000
0.000000 0.200000 0.000000 0.800000
1.000000 0.000000 0.000000 0.000000
0.000000 0.000000 0.000000 1.000000
0.000000 0.000000 0.000000 1.000000
0.000000 0.000000 0.000000 1.000000
0.000000 0.000000 0.000000 1.000000
1.000000 0.000000 0.000000 0.000000
1.000000 0.000000 0.000000 0.000000
0.000000 0.000000 0.000000 1.000000

MEME version 5.0.2

ALPHABET= ACGT

strands: +

Background letter frequencies (from unknown source):
A 0.442 C 0.052 G 0.025 T 0.482

MOTIF 28

log-odds matrix: alength= 4 w= 9 E= 9.0e+002
   118   -865   -865   -865
  -865    427   -865   -865
  -865    427   -865   -865
  -865    427   -865   -865
  -865    427   -865   -865
  -865    227   -865     64
  -865    227   -865     64
   118   -865   -865   -865
    76   -865    333   -865


letter-probability matrix: alength= 4 w= 9 nsites= 4 E= 9.0e+002
1.000000 0.000000 0.000000 0.000000
0.000000 1.000000 0.000000 0.000000
0.000000 1.000000 0.000000 0.000000
0.000000 1.000000 0.000000 0.000000
0.000000 1.000000 0.000000 0.000000
0.000000 0.250000 0.000000 0.750000
0.000000 0.250000 0.000000 0.750000
1.000000 0.000000 0.000000 0.000000
0.750000 0.000000 0.250000 0.000000